137
138
1124
1435
3289
383
7533
7680
8000
17500
32966
32971
33042
33125
33143
35182
35211
36034
36220
36379
38716
39108
39338
39450
39467
39468
39509
39514
39545
39549
39562
40092
40221
40266
40436
40838
40952
41022
41112
41113
41724
41918
41979
42432
42715
42720
42778
42852
43023
43250
43304
43698
43890
43898
44206
44542
44734
45221
45243
45245
45246
45469
45564
45865
46032
46267
46637
46850
46857
46862
47052
47143
47173
47356
47556
47884
48040
48104
48333
48549
48856
49366
49578
49586
49610
49995
50050
50220
50385
50387
50573
50704
50809
50845
50868
51059
51260
51580
51664
52191
52192
52499
52666
52878
53260
53465
53749
54166
54167
54170
54171
54174
54175
54816
54933
55066
55171
55229
55231
55586
55776
55802
56427
56656
56881
56882
57068
57477
57621
57715
58067
58328
58596
58604
59026
59177
59274
59408
60038
60046
60313
60462
60516
60597
60952
62883
63304
63315
63439
63593
63619
64541
64623
64674
64675
64741
64742
65206
65222